# eig      A      C      D      E      F      G      H      I      K      L      M      N      P      Q      R      S      T      V      W      Y
   0.0  0.22   0.22   0.22   0.22   0.22   0.22   0.22   0.22   0.22   0.22   0.22   0.22   0.22   0.22   0.22   0.22   0.22   0.22   0.22   0.22
   1.3 -0.06   0.30  -0.04  -0.07  -0.16   0.00  -0.07   0.19  -0.08  -0.18  -0.37   0.30   0.32   0.16   0.29  -0.04   0.23  -0.10  -0.11  -0.53
   2.5  0.00   0.81  -0.11  -0.11  -0.26  -0.10  -0.17  -0.12   0.02   0.17  -0.01   0.02   0.00  -0.05  -0.22  -0.09  -0.11  -0.05   0.08   0.30
   4.9 -0.08   0.14   0.10  -0.25   0.04  -0.14   0.43   0.08  -0.19  -0.33   0.18  -0.01  -0.18   0.13  -0.08  -0.14  -0.15   0.10   0.60  -0.23
   8.2 -0.06   0.19   0.22   0.26  -0.04  -0.09   0.58  -0.36   0.14  -0.09  -0.04   0.10  -0.14   0.00  -0.07   0.26  -0.17  -0.11  -0.42  -0.14
  11.8  0.14   0.30   0.01  -0.07   0.63  -0.23  -0.23   0.08  -0.05  -0.20   0.07  -0.11  -0.25  -0.17  -0.03   0.08   0.15   0.29  -0.27  -0.17
  15.4 -0.07   0.01  -0.03   0.02   0.16  -0.09   0.21   0.33  -0.08   0.34  -0.48  -0.43   0.23   0.14  -0.30   0.14  -0.21   0.16   0.00  -0.07
  28.5  0.00   0.02  -0.29   0.45   0.12   0.07  -0.13  -0.42  -0.08  -0.01  -0.02  -0.09  -0.05   0.47  -0.30  -0.07   0.31   0.01   0.20  -0.18
  39.0 -0.14   0.00   0.22  -0.06  -0.20  -0.15  -0.18   0.09  -0.21  -0.04   0.60  -0.18   0.38   0.28  -0.20   0.19  -0.05   0.03  -0.26  -0.14
  41.0  0.15  -0.03  -0.21  -0.08   0.10   0.10   0.18   0.31  -0.24  -0.11   0.01   0.29  -0.16   0.44  -0.14  -0.32  -0.10  -0.11  -0.39   0.31
  45.7  0.14   0.06  -0.09  -0.01   0.12  -0.01  -0.06  -0.10   0.21  -0.56  -0.12  -0.40   0.26   0.23   0.29   0.12  -0.22  -0.23   0.05   0.30
  54.9  0.07  -0.02   0.20  -0.08  -0.21  -0.03   0.25   0.12   0.12  -0.24  -0.08  -0.27   0.07  -0.16  -0.30  -0.19   0.13   0.16  -0.16  -0.13
  63.5 -0.27   0.07  -0.32  -0.31  -0.16   0.17   0.09   0.08   0.40   0.15   0.15  -0.29  -0.36   0.28   0.24   0.09   0.13   0.16  -0.16  -0.13
 116.2 -0.15   0.09   0.39  -0.18   0.12   0.71  -0.10  -0.24  -0.04  -0.09  -0.10  -0.09   0.08   0.02  -0.10  -0.26  -0.14   0.24  -0.10  -0.05
 143.6 -0.03  -0.07   0.52  -0.03  -0.20  -0.23  -0.28  -0.01  -0.11  -0.02  -0.32   0.05  -0.41   0.38   0.09   0.22   0.07   0.12   0.05   0.19
 165.6 -0.13  -0.11   0.14  -0.39   0.34  -0.19  -0.10  -0.12   0.51   0.12  -0.03   0.28   0.14   0.18  -0.32  -0.03   0.01  -0.32   0.07  -0.05
 221.2 -0.39   0.00  -0.13   0.30  -0.08   0.16  -0.16   0.36   0.25  -0.41  -0.04   0.24  -0.07  -0.13  -0.35   0.25  -0.11   0.17   0.07   0.07
 363.4  0.22  -0.15  -0.11  -0.04  -0.21  -0.30   0.03  -0.21   0.27  -0.10  -0.06   0.16   0.23   0.07  -0.02  -0.52  -0.14   0.69  -0.08   0.02
 465.0 -0.39  -0.05  -0.24  -0.31   0.16  -0.02   0.15  -0.29  -0.37  -0.04  -0.09   0.18   0.20  -0.04   0.07   0.35   0.23   0.19  -0.01   0.33
 546.6  0.60  -0.06  -0.15  -0.33  -0.19   0.28  -0.02  -0.05  -0.04  -0.07  -0.05   0.08  -0.07  -0.02  -0.29   0.50  -0.02  -0.01   0.05  -0.16
