# eig      A      C      D      E      F      G      H      I      K      L      M      N      P      Q      R      S      T      V      W      Y
   0.0 -0.22  -0.22  -0.22  -0.22  -0.22  -0.22  -0.22  -0.22  -0.22  -0.22  -0.22  -0.22  -0.22  -0.22  -0.22  -0.22  -0.22  -0.22  -0.22  -0.22
   2.8 -0.12   0.16  -0.16   0.16   0.02   0.09   0.50  -0.15  -0.03   0.10  -0.23   0.02   0.01   0.08  -0.08  -0.11   0.24   0.01  -0.68   0.17
   9.0 -0.05  -0.04  -0.23   0.11   0.27   0.00  -0.15   0.43   0.08  -0.05   0.24  -0.34  -0.40  -0.24  -0.05   0.30  -0.04   0.18  -0.25   0.24
  21.4 -0.02   0.01   0.02  -0.16   0.22  -0.01   0.36   0.06   0.33  -0.12  -0.62  -0.34  -0.17   0.04   0.02   0.02  -0.08   0.14   0.34  -0.06
  32.3  0.27  -0.14  -0.17  -0.15   0.22  -0.11   0.19  -0.32   0.25   0.08   0.44  -0.28  -0.21   0.12   0.20  -0.22   0.22  -0.32   0.04  -0.12
  38.3  0.01  -0.04   0.30  -0.13  -0.01  -0.04  -0.22   0.07   0.23  -0.32  -0.08   0.10  -0.08   0.24   0.53   0.14   0.01   0.07  -0.45  -0.31
  51.4 -0.13   0.23   0.15   0.14   0.30   0.41  -0.36  -0.16   0.24   0.02  -0.11  -0.23   0.25  -0.10  -0.22   0.14   0.09  -0.43  -0.08  -0.13
  63.8  0.09  -0.02  -0.27   0.29   0.31  -0.16  -0.50  -0.20  -0.06  -0.04  -0.28   0.07  -0.05   0.28   0.09  -0.31   0.20   0.23   0.07   0.23
  77.8 -0.22   0.23   0.45  -0.42   0.34  -0.13  -0.06  -0.09  -0.30   0.21   0.16  -0.19  -0.05   0.14  -0.18  -0.16   0.05   0.32  -0.08  -0.02
 128.7 -0.22   0.24   0.00   0.28   0.05   0.10   0.16  -0.16  -0.10  -0.42   0.22   0.14  -0.10   0.44  -0.22   0.12  -0.20  -0.08   0.16  -0.09
 149.6  0.15   0.21   0.21   0.08  -0.03  -0.26  -0.10  -0.11   0.13   0.47  -0.21   0.34  -0.55  -0.17  -0.05   0.16  -0.02  -0.21  -0.02  -0.02
 179.2 -0.07   0.18  -0.06   0.45  -0.03   0.00   0.08  -0.16  -0.27   0.14   0.04  -0.24  -0.01  -0.30   0.29   0.03   0.07   0.30   0.09  -0.56
 201.1 -0.58   0.05  -0.17  -0.27   0.06   0.07   0.00  -0.25   0.03  -0.10   0.04   0.26  -0.07  -0.29   0.34   0.18   0.31  -0.01   0.19   0.22
 296.8 -0.12  -0.20  -0.23  -0.13   0.02   0.55  -0.07  -0.12   0.11   0.43   0.02   0.11  -0.14   0.17   0.12  -0.11  -0.47   0.20  -0.06  -0.09
 320.6  0.12  -0.17   0.33   0.19  -0.01  -0.07   0.05  -0.57   0.10  -0.13   0.06  -0.15   0.08  -0.21   0.08   0.16  -0.36   0.18  -0.08   0.41
 466.6  0.33   0.37  -0.22  -0.24   0.13   0.05  -0.01  -0.12   0.27  -0.28   0.11   0.32   0.05  -0.34  -0.25  -0.13  -0.08   0.32  -0.08  -0.13
 487.9 -0.05  -0.34   0.41   0.20   0.04   0.33   0.05   0.14   0.06  -0.17   0.03   0.15  -0.28  -0.29  -0.08  -0.51   0.23   0.04   0.04   0.00
 682.9 -0.14   0.25   0.03   0.01  -0.65   0.03  -0.19  -0.05   0.42   0.07   0.11  -0.29  -0.10   0.14  -0.11  -0.13   0.22   0.23   0.05   0.11
 979.5  0.09  -0.49  -0.02  -0.06  -0.02   0.06  -0.02  -0.22   0.01   0.04  -0.04   0.08  -0.03   0.12  -0.39   0.47   0.40   0.27  -0.01  -0.24
1822.8  0.45   0.20   0.01  -0.23  -0.19   0.46  -0.07  -0.09  -0.45  -0.13  -0.15  -0.17  -0.25  -0.01  -0.17   0.12   0.17  -0.06   0.05   0.18
