# eig      A      C      D      E      F      G      H      I      K      L      M      N      P      Q      R      S      T      V      W      Y
   0.0  0.00   0.00   0.00   0.00   0.00   0.00   0.00   0.00   0.00   0.00   0.00   0.00   0.00   0.00   0.00   0.00   0.00   0.00   0.00   0.00
   2.5 -0.12  -0.08  -0.38   0.04   0.11  -0.13  -0.20   0.04   0.01  -0.05   0.41  -0.09  -0.04  -0.43  -0.09   0.02   0.10   0.07   0.55   0.26
   3.4  0.02  -0.02  -0.35  -0.03   0.06  -0.05   0.60   0.26  -0.07  -0.09  -0.32   0.15  -0.12  -0.37   0.18  -0.14   0.18   0.26  -0.11  -0.04
   6.3 -0.08  -0.11   0.03  -0.08  -0.29   0.18   0.90   0.20  -0.02   0.00   0.63   0.08   0.21  -0.28   0.02   0.10  -0.23  -0.09  -0.43  -0.05
   8.8  0.22  -0.17  -0.35   0.20  -0.06   0.03  -0.40   0.11  -0.08   0.34  -0.22   0.33   0.10  -0.11   0.21   0.22  -0.28   0.29   0.80   0.18
  25.3  0.21  -0.14  -0.10   0.18  -0.47  -0.14   0.32  -0.16  -0.22  -0.14   0.01   0.16   0.33   0.20   0.02  -0.12   0.01  -0.33   0.40  -0.05
  32.0  0.12   0.31   0.02  -0.20  -0.34   0.26   0.21  -0.06   0.18   0.36  -0.04  -0.32  -0.22  -0.15  -0.34  -0.03   0.30  -0.24   0.05   0.14
  41.5  0.02   0.04   0.08  -0.09  -0.26  -0.18  -0.05   0.32   0.18   0.09  -0.36  -0.30   0.23  -0.15   0.21   0.25  -0.48   0.04   0.14   0.29
  47.5  0.18   0.18  -0.29  -0.03   0.45   0.04   0.16   0.37  -0.21  -0.01   0.04  -0.19   0.14   0.25  -0.41   0.01  -0.26  -0.28  -0.04  -0.01
  69.2 -0.01  -0.08   0.22  -0.27   0.08   0.17  -0.17   0.23   0.07  -0.08  -0.19   0.06   0.50  -0.28  -0.21   0.01   0.26  -0.01   0.20  -0.48
  82.8  0.05  -0.01  -0.11   0.10   0.60   0.16   0.07  -0.08   0.08  -0.25   0.02  -0.32  -0.17  -0.07   0.44   0.49   0.11  -0.41   0.04  -0.31
  87.7  0.14   0.24   0.40   0.20  -0.14  -0.42  -0.14   0.41  -0.40  -0.08   0.11  -0.09  -0.23  -0.12   0.06  -0.03   0.26  -0.06  -0.05  -0.06
 108.8 -0.14   0.23  -0.04   0.35  -0.17   0.32  -0.08   0.80  -0.01  -0.09  -0.09   0.33   0.35  -0.08  -0.14   0.05  -0.40   0.01   0.27  -0.35
 146.6  0.16  -0.16   0.31   0.14   0.09   0.06   0.08   0.02   0.29  -0.54  -0.12   0.23  -0.15  -0.20  -0.32   0.06  -0.05  -0.23  -0.05   0.38
 197.1 -0.01  -0.02  -0.32  -0.06  -0.38   0.13  -0.19   0.36   0.20  -0.42   0.04  -0.10  -0.08   0.42  -0.09   0.09   0.23   0.27  -0.06   0.00
 292.3 -0.19   0.31  -0.08   0.63  -0.02   0.12  -0.05  -0.18   0.03  -0.16  -0.09  -0.31   0.40  -0.16  -0.07  -0.18   0.08   0.10  -0.22   0.04
 377.6 -0.32  -0.16   0.04   0.18  -0.05  -0.42   0.25  -0.08   0.10   0.17  -0.04   0.00   0.02   0.07  -0.40   0.58   0.10   0.14  -0.04  -0.13
 457.9 -0.20  -0.51   0.19   0.13   0.02   0.46   0.07   0.15  -0.48   0.08  -0.11  -0.27  -0.07   0.08  -0.04   0.05   0.06   0.08   0.10   0.22
 520.7 -0.55  -0.14   0.03   0.11   0.07  -0.12   0.05   0.33   0.35   0.15   0.01   0.04  -0.02   0.16   0.16  -0.37   0.14  -0.43   0.02   0.02
 894.2  0.49  -0.45   0.01   0.31   0.02  -0.10   0.00   0.07   0.34   0.20   0.10  -0.28  -0.12  -0.04  -0.07  -0.25  -0.09   0.15  -0.02  -0.29
