# eig      A      C      D      E      F      G      H      I      K      L      M      N      P      Q      R      S      T      V      W      Y
   0.0  0.00   0.00   0.00   0.00   0.00   0.00   0.00   0.00   0.00   0.00   0.00   0.00   0.00   0.00   0.00   0.00   0.00   0.00   0.00   0.00
  10.6  0.12  -0.10  -0.25   0.05   0.16   0.06   0.18  -0.03  -0.15   0.23   0.13   0.15   0.01  -0.29  -0.35  -0.34  -0.17   0.17  -0.17   0.57
  12.0 -0.10  -0.50   0.12  -0.17   0.16   0.21  -0.10  -0.03  -0.02   0.60   0.22   0.25  -0.04  -0.53   0.16   0.01   0.22  -0.02   0.24  -0.24
  15.2  0.00  -0.40   0.20   0.17   0.13   0.03   0.33  -0.01  -0.07   0.03   0.35  -0.15   0.14   0.21  -0.18   0.27  -0.01  -0.24  -0.51  -0.18
  20.7 -0.13   0.28   0.06   0.18  -0.12   0.11   0.60  -0.30  -0.06   0.09  -0.27   0.14   0.11  -0.22  -0.27  -0.04   0.08  -0.16   0.20   0.29
  22.8  0.07   0.43   0.04  -0.15  -0.18  -0.08   0.11  -0.15   0.60  -0.05   0.38   0.22  -0.29  -0.29   0.34   0.00   0.01  -0.12  -0.44  -0.01
  29.2  0.00   0.16  -0.17  -0.01   0.11  -0.21   0.05  -0.10  -0.08  -0.03   0.61  -0.32  -0.23   0.08  -0.22  -0.06   0.02  -0.10   0.50  -0.10
  32.7  0.18   0.05  -0.06   0.06   0.64  -0.15   0.12   0.07  -0.04   0.01  -0.33   0.01  -0.55  -0.04   0.00   0.15   0.05   0.14  -0.11  -0.18
  37.8 -0.10   0.26   0.23   0.24   0.00   0.07  -0.51  -0.35  -0.33   0.17   0.13   0.17   0.04   0.10  -0.26  -0.02   0.20   0.23  -0.19  -0.16
  58.6 -0.04   0.29   0.20  -0.29   0.24   0.08  -0.10  -0.01   0.01   0.29  -0.07  -0.53   0.28  -0.36  -0.03   0.28  -0.19  -0.08   0.05   0.08
  78.1 -0.20   0.03   0.27  -0.34  -0.26  -0.08   0.27   0.43  -0.36   0.17   0.05  -0.14  -0.18   0.07  -0.07  -0.13   0.22   0.38   0.07  -0.07
  86.5 -0.16  -0.16   0.40  -0.01  -0.09   0.28   0.11  -0.38  -0.02   0.02   0.00  -0.04  -0.41   0.19   0.12   0.11  -0.47   0.12   0.16   0.22
 110.7  0.03  -0.13  -0.08   0.08  -0.28   0.01  -0.07  -0.19   0.26   0.37  -0.15  -0.26  -0.31   0.02  -0.09   0.15   0.56  -0.16  -0.04   0.29
 122.4  0.20  -0.16   0.26   0.23  -0.08  -0.44   0.12  -0.27   0.09  -0.37  -0.03  -0.20   0.18  -0.30   0.14   0.09   0.16   0.36   0.03   0.17
 160.6 -0.21   0.02  -0.04  -0.26   0.32   0.31   0.13  -0.28   0.26  -0.31   0.03  -0.24   0.11   0.17   0.06  -0.42   0.31   0.18  -0.13   0.00
 206.4 -0.17   0.07   0.46   0.09   0.17  -0.09  -0.07   0.21   0.02  -0.38  -0.01   0.20  -0.09  -0.05  -0.34   0.01   0.80  -0.43   0.06   0.35
 275.2  0.52  -0.08   0.42  -0.04   0.02  -0.12  -0.03  -0.04   0.04   0.27  -0.10  -0.07   0.04   0.12   0.10  -0.57  -0.06  -0.27  -0.01  -0.13
 290.0  0.10   0.09  -0.07   0.36  -0.03   0.48  -0.02   0.18  -0.50  -0.21  -0.03  -0.28  -0.11  -0.14   0.30  -0.10   0.13  -0.24  -0.01   0.10
 374.0 -0.39  -0.01  -0.11  -0.06   0.24  -0.39   0.11  -0.19  -0.35   0.25  -0.04   0.10   0.14   0.20   0.44  -0.05   0.08  -0.26   0.06   0.22
 484.8  0.48  -0.02  -0.12  -0.55  -0.05   0.15   0.06  -0.26  -0.35  -0.14  -0.08   0.19   0.09   0.17  -0.07   0.30   0.14  -0.05   0.04   0.08
