# eig      A      C      D      E      F      G      H      I      K      L      M      N      P      Q      R      S      T      V      W      Y
   0.0 -0.22  -0.22  -0.22  -0.22  -0.22  -0.22  -0.22  -0.22  -0.22  -0.22  -0.22  -0.22  -0.22  -0.22  -0.22  -0.22  -0.22  -0.22  -0.22  -0.22
   2.7  0.23  -0.09  -0.15  -0.01   0.39  -0.16  -0.03   0.06   0.08  -0.21  -0.56  -0.19   0.26  -0.25   0.08   0.03   0.25  -0.18   0.20   0.24
   6.3  0.03   0.17   0.27   0.04   0.20  -0.06  -0.24   0.04   0.00  -0.03  -0.01  -0.24   0.11   0.20  -0.04  -0.11  -0.01   0.10  -0.74   0.33
  18.0 -0.12   0.12   0.18  -0.20   0.21  -0.16  -0.59  -0.13   0.10  -0.10   0.23   0.02  -0.19  -0.20   0.17  -0.16   0.00   0.34   0.36   0.11
  21.6 -0.01   0.06   0.09  -0.03  -0.19  -0.29   0.38   0.34  -0.15  -0.11  -0.03   0.24   0.07  -0.40  -0.10  -0.39   0.05   0.39  -0.08   0.15
  24.6  0.11   0.02  -0.19   0.12   0.06   0.12  -0.01   0.19  -0.09  -0.14   0.64  -0.29   0.13  -0.48  -0.01   0.11  -0.06  -0.29  -0.05   0.10
  31.2  0.07   0.19  -0.32   0.16   0.59   0.08   0.10   0.04  -0.25  -0.09   0.06   0.24  -0.33   0.12   0.07  -0.35   0.02  -0.06  -0.09  -0.25
  41.1  0.07  -0.03  -0.24   0.01  -0.27   0.00  -0.09  -0.09  -0.04   0.32  -0.08   0.17  -0.27  -0.23   0.64   0.04   0.22  -0.09  -0.26   0.22
  56.0  0.01   0.31  -0.25  -0.22  -0.03  -0.12   0.28   0.10  -0.02   0.19  -0.01  -0.57  -0.39   0.19  -0.06   0.03  -0.06   0.15   0.19   0.27
  62.9 -0.18  -0.08  -0.02  -0.33   0.19   0.24   0.23   0.13   0.28  -0.25  -0.07  -0.15   0.00  -0.16   0.36   0.24  -0.16   0.31  -0.23  -0.35
  78.8 -0.33  -0.42  -0.38   0.19   0.21  -0.05   0.02  -0.22  -0.03   0.20   0.12  -0.01   0.08  -0.03  -0.26   0.19   0.24   0.43  -0.09   0.14
  87.4  0.15  -0.01  -0.43  -0.58  -0.04   0.08  -0.04  -0.07   0.19   0.05   0.18   0.20   0.41   0.22  -0.03  -0.30  -0.05  -0.04  -0.04   0.14
 146.4  0.00  -0.03   0.02   0.24  -0.12  -0.24   0.29  -0.49  -0.02  -0.40   0.19  -0.22   0.19   0.23   0.39  -0.21   0.08   0.05   0.07  -0.01
 159.1  0.10  -0.20   0.05   0.03   0.16  -0.05   0.21  -0.21   0.17  -0.17   0.00   0.30  -0.26  -0.05  -0.05   0.16  -0.58  -0.09  -0.01   0.48
 169.9 -0.05  -0.07   0.36  -0.33   0.14   0.12   0.30  -0.30   0.20   0.06   0.14   0.00  -0.26  -0.17  -0.21  -0.13   0.50  -0.26  -0.08   0.03
 266.7 -0.09   0.38   0.08  -0.02   0.20  -0.09   0.14  -0.42  -0.12   0.49  -0.09  -0.03   0.33  -0.33   0.02   0.01  -0.31   0.00  -0.01  -0.14
 337.9 -0.36   0.03  -0.02   0.22  -0.10   0.68  -0.01  -0.03   0.05  -0.03  -0.19  -0.13   0.05  -0.08   0.02  -0.42  -0.09   0.01   0.13   0.27
 511.0 -0.06  -0.52   0.29  -0.23   0.20   0.00   0.07   0.19  -0.50   0.26   0.07  -0.14   0.09   0.15   0.27  -0.13  -0.13  -0.08   0.13   0.08
 743.4 -0.43  -0.09  -0.02   0.19   0.10  -0.39   0.03   0.29   0.54   0.23   0.07  -0.03   0.02   0.07   0.12  -0.23  -0.09  -0.31   0.01  -0.06
 968.5  0.60  -0.33   0.03   0.20  -0.03   0.08  -0.05  -0.07   0.31   0.27   0.00  -0.24  -0.11  -0.11  -0.06  -0.32  -0.13   0.23  -0.02  -0.23 
