# eig      A      C      D      E      F      G      H      I      K      L      M      N      P      Q      R      S      T      V      W      Y
   0.0  0.00   0.00   0.00   0.00   0.00   0.00   0.00   0.00   0.00   0.00   0.00   0.00   0.00   0.00   0.00   0.00   0.00   0.00   0.00   0.00
   6.6 -0.08  -0.22  -0.25  -0.22   0.41   0.11  -0.17   0.02   0.21  -0.12  -0.07  -0.11   0.09  -0.08   0.02  -0.06  -0.05  -0.09   0.72  -0.08
  11.9  0.04   0.13  -0.15   0.01   0.48  -0.23   0.27   0.07  -0.08  -0.04  -0.45   0.10  -0.31   0.02  -0.21  -0.20   0.06   0.20  -0.10   0.38
  16.9  0.02  -0.21   0.36   0.04  -0.28   0.05  -0.11  -0.10   0.29  -0.15  -0.67   0.10  -0.05   0.13   0.33   0.09  -0.05   0.05   0.08   0.08
  19.8  0.02   0.22   0.15   0.34  -0.08  -0.13  -0.32   0.00  -0.04   0.04   0.11  -0.36  -0.59   0.11  -0.03   0.02   0.13   0.24   0.30  -0.13
  31.5  0.00  -0.13  -0.10   0.13   0.21  -0.02  -0.74   0.14   0.14  -0.20   0.13   0.31   0.09   0.08  -0.03  -0.09   0.10   0.16  -0.32   0.14
  43.6  0.04  -0.14   0.08  -0.29  -0.31  -0.11   0.16   0.11   0.25  -0.43   0.39   0.05  -0.24  -0.07  -0.13   0.01  -0.09   0.10   0.12   0.47
  51.5  0.11   0.03  -0.02  -0.20   0.34   0.01   0.02  -0.02   0.44   0.06   0.10  -0.34  -0.28  -0.19   0.40   0.21  -0.06  -0.16  -0.40  -0.06
  64.7  0.13   0.20  -0.06  -0.20  -0.24   0.00  -0.24   0.60  -0.04   0.31  -0.22  -0.23   0.16  -0.33  -0.05   0.03  -0.17   0.13   0.03   0.19
  87.3 -0.01   0.30  -0.15  -0.08  -0.01   0.21   0.15   0.25   0.08  -0.32  -0.05  -0.39   0.16   0.57  -0.06  -0.13  -0.17   0.32  -0.07  -0.24
  92.8 -0.06   0.34   0.24  -0.48   0.13  -0.04  -0.16  -0.36  -0.10   0.13   0.07   0.19   0.01   0.07   0.04   0.05  -0.42   0.40   0.05  -0.07
 151.3  0.15  -0.01  -0.21   0.35   0.08  -0.10   0.03  -0.02  -0.41  -0.36   0.03  -0.05   0.10  -0.16   0.42   0.28  -0.41   0.10   0.06   0.14
 211.0 -0.07  -0.07   0.23  -0.13   0.09   0.04  -0.13  -0.28  -0.27   0.01   0.04  -0.52   0.29   0.06   0.15  -0.17   0.31   0.00  -0.03   0.48
 242.5 -0.10   0.01  -0.57   0.07  -0.27   0.32  -0.01  -0.24   0.11   0.35   0.04   0.07  -0.19   0.14   0.26  -0.26  -0.11   0.09   0.01   0.28
 287.6 -0.21  -0.10  -0.15   0.06  -0.08   0.01   0.14  -0.17   0.16  -0.08  -0.04  -0.06   0.15  -0.48  -0.02   0.11   0.34   0.64  -0.05  -0.18
 384.7  0.22   0.01  -0.33  -0.05  -0.13  -0.65  -0.05  -0.21   0.22   0.15  -0.04  -0.09   0.25   0.30  -0.10   0.32   0.08  -0.01   0.06   0.05
 407.4 -0.17  -0.12   0.08   0.29   0.10   0.30  -0.04  -0.20   0.17   0.13  -0.05  -0.18   0.04  -0.02  -0.54   0.41  -0.35  -0.03  -0.06   0.24
 493.4 -0.06   0.62  -0.23  -0.15  -0.11   0.28  -0.12  -0.10  -0.02  -0.38  -0.17   0.05   0.00  -0.01  -0.07   0.31   0.30  -0.23   0.02   0.06
 573.4 -0.67  -0.19  -0.05  -0.18   0.03  -0.10   0.02   0.29  -0.22   0.13   0.02   0.07  -0.06   0.24   0.17   0.43   0.12   0.02  -0.02   0.06
1002.7  0.55  -0.39  -0.10  -0.29   0.00   0.30  -0.05  -0.04  -0.34   0.08  -0.05   0.05  -0.24   0.08  -0.11   0.31   0.20   0.14  -0.03  -0.06
