# eig      A      C      D      E      F      G      H      I      K      L      M      N      P      Q      R      S      T      V      W      Y
   0.0 -0.22  -0.22  -0.22  -0.22  -0.22  -0.22  -0.22  -0.22  -0.22  -0.22  -0.22  -0.22  -0.22  -0.22  -0.22  -0.22  -0.22  -0.22  -0.22  -0.22
   1.6 -0.06  -0.13   0.01   0.04  -0.21   0.06   0.14  -0.25  -0.03  -0.29   0.23   0.16  -0.25  -0.25   0.06  -0.01   0.14  -0.10   0.73   0.00
  10.9  0.10  -0.46  -0.13   0.23   0.21   0.05   0.11  -0.20  -0.04  -0.12   0.27  -0.04   0.05  -0.24   0.11  -0.11   0.13  -0.10  -0.36   0.52
  13.4  0.10   0.22  -0.26   0.06  -0.03   0.08   0.15   0.00   0.06  -0.04  -0.08   0.19  -0.54  -0.04   0.05  -0.02   0.51   0.10  -0.36  -0.30
  30.8  0.10   0.02  -0.13  -0.26  -0.11  -0.57   0.43   0.28  -0.14  -0.04   0.37  -0.02   0.09  -0.09   0.22  -0.06  -0.17   0.19  -0.03  -0.07
  33.4  0.00  -0.21   0.08  -0.02  -0.33   0.22   0.05   0.23  -0.06  -0.09  -0.30   0.41   0.41  -0.20   0.28  -0.33   0.17  -0.03  -0.11  -0.18
  53.7 -0.19   0.09   0.11   0.29   0.03   0.40  -0.06   0.01  -0.25  -0.24   0.51  -0.07   0.11   0.01   0.06   0.03  -0.32   0.07  -0.17  -0.40
  69.6 -0.11   0.34  -0.01  -0.10   0.48  -0.01   0.09  -0.25  -0.14  -0.14  -0.15  -0.25   0.12   0.06   0.33  -0.51   0.16   0.01   0.13  -0.04
  74.5  0.06  -0.57   0.28   0.08   0.15  -0.07  -0.11   0.28   0.01  -0.03   0.01  -0.17  -0.28   0.36  -0.02  -0.30   0.11   0.26   0.12  -0.19
  78.0 -0.07  -0.06   0.39  -0.42  -0.13   0.20  -0.03  -0.08   0.31   0.08   0.05  -0.31  -0.21  -0.19   0.51   0.18  -0.04  -0.02  -0.16   0.01
  82.9  0.05   0.11   0.09   0.00   0.38   0.03  -0.20   0.35  -0.07   0.25   0.03   0.32  -0.34  -0.45   0.03  -0.22  -0.32  -0.17   0.07   0.06
 148.8 -0.16  -0.10  -0.34  -0.42   0.03   0.31   0.12   0.16   0.20   0.12   0.30   0.07   0.03   0.37  -0.11  -0.21  -0.01  -0.43   0.04   0.03
 169.3  0.01   0.04   0.29   0.00  -0.08   0.18   0.59  -0.08  -0.31  -0.09  -0.28   0.14  -0.30   0.26  -0.07  -0.01  -0.29  -0.09  -0.12   0.21
 197.3 -0.02  -0.13   0.43  -0.12   0.28  -0.31   0.09  -0.38   0.12   0.08   0.14   0.37   0.16   0.02  -0.17   0.08   0.10  -0.27  -0.13  -0.35
 256.3 -0.01  -0.18  -0.34  -0.17   0.19   0.05  -0.14  -0.29   0.16  -0.15  -0.12   0.43  -0.06   0.19   0.27   0.13  -0.37   0.41   0.01  -0.01
 263.5 -0.01   0.26   0.27  -0.18  -0.32  -0.02  -0.26  -0.19   0.07  -0.03   0.28   0.13  -0.03   0.07  -0.24  -0.44   0.01   0.33  -0.12   0.33
 510.6 -0.62  -0.03   0.07  -0.21   0.26   0.05   0.16   0.27   0.07  -0.28  -0.07   0.04   0.05  -0.22  -0.30   0.18   0.19   0.29  -0.03   0.12
 672.3 -0.08  -0.11  -0.02  -0.30   0.02   0.08  -0.20  -0.08  -0.73   0.36   0.09   0.09   0.00   0.07   0.11   0.22   0.27   0.10   0.05   0.07
 774.5  0.09   0.15   0.12  -0.07   0.04  -0.20  -0.34   0.26  -0.11  -0.60   0.02   0.15  -0.06   0.27   0.21   0.20   0.11  -0.35  -0.07   0.19
1315.4  0.66  -0.02   0.01  -0.40   0.18   0.29   0.04   0.02  -0.07  -0.28  -0.01  -0.12   0.12  -0.20  -0.33   0.06   0.00   0.12   0.04  -0.11
