# eig      A      C      D      E      F      G      H      I      K      L      M      N      P      Q      R      S      T      V      W      Y
   0.0  0.00   0.00   0.00   0.00   0.00   0.00   0.00   0.00   0.00   0.00   0.00   0.00   0.00   0.00   0.00   0.00   0.00   0.00   0.00   0.00
   4.5  0.12  -0.03  -0.03   0.04   0.04   0.07   0.03   0.14  -0.03   0.03  -0.22  -0.02   0.37  -0.10   0.11  -0.11  -0.04   0.00  -0.76   0.40
  14.3  0.10   0.09  -0.13   0.37  -0.03   0.15   0.33   0.05  -0.37  -0.08   0.10   0.44  -0.02  -0.37  -0.04  -0.1    0.16  -0.27  -0.09  -0.31
  14.7 -0.02  -0.62   0.04  -0.07  -0.16   0.13   0.11   0.01   0.27  -0.03  -0.13  -0.01   0.29  -0.18   0.49   0.03   0.09  -0.06   0.13  -0.29
  21.2  0.01   0.30  -0.09  -0.24  -0.14  -0.20  -0.20   0.47   0.20   0.28  -0.21   0.32   0.17  -0.30  -0.03  -0.09  -0.28   0.03   0.15  -0.17
  32.4 -0.10  -0.07   0.03  -0.14  -0.01   0.08  -0.03   0.22   0.15   0.12   0.22   0.12  -0.28   0.29  -0.03  -0.03   0.17   0.31  -0.50  -0.51
  66.9 -0.09  -0.17   0.11  -0.11  -0.18  -0.13   0.29   0.12  -0.05  -0.14   0.07   0.21   0.21   0.33  -0.29   0.53  -0.36  -0.26  -0.08  -0.02
  70.1  0.02   0.10  -0.03   0.12  -0.30   0.24   0.01   0.26  -0.04  -0.16  -0.69  -0.03  -0.30   0.18   0.00   0.23   0.26   0.04   0.06   0.04
  85.5  0.14  -0.17  -0.49  -0.26   0.24  -0.16   0.09   0.01   0.22   0.23  -0.06   0.15  -0.10   0.19  -0.13  -0.05   0.39  -0.43   0.02   0.15
  98.1 -0.04   0.14  -0.18   0.08   0.31   0.21   0.12   0.31  -0.11  -0.09  -0.08  -0.44   0.31   0.33  -0.02  -0.28  -0.16  -0.19   0.12  -0.33
 117.5  0.02   0.06   0.03   0.02  -0.03  -0.07  -0.17  -0.49  -0.10   0.02  -0.31   0.39   0.42   0.37  -0.12  -0.20   0.12   0.18   0.04  -0.20
 153.7 -0.10   0.14  -0.14   0.02   0.53   0.23  -0.24  -0.21   0.18  -0.20  -0.16   0.24  -0.17  -0.05   0.28   0.33  -0.32  -0.10  -0.12  -0.11
 170.4 -0.02  -0.26  -0.14   0.01   0.05   0.00   0.32   0.10  -0.03  -0.14  -0.07   0.32  -0.29   0.21   0.14  -0.45  -0.40   0.28   0.12   0.26
 204.8 -0.15  -0.24   0.45  -0.03   0.05   0.39  -0.43   0.19  -0.11   0.10   0.06   0.21  -0.07   0.09  -0.15  -0.24   0.02  -0.38   0.06   0.16
 277.4 -0.05  -0.21  -0.49   0.25  -0.09   0.08  -0.44   0.23   0.01  -0.35   0.27   0.09   0.21   0.00  -0.18   0.12   0.09   0.26   0.09   0.12
 311.6  0.15   0.24   0.00  -0.06  -0.29  -0.28  -0.22   0.08  -0.16  -0.26   0.22   0.08  -0.05   0.31   0.59  -0.08   0.05  -0.30  -0.05   0.02
 372.4 -0.03   0.13  -0.36   0.03  -0.47   0.50   0.01  -0.26   0.07   0.43   0.16  -0.06  -0.02   0.12   0.07   0.01  -0.26  -0.10  -0.02   0.05
 647.0 -0.66   0.26  -0.06  -0.44  -0.03   0.19   0.22  -0.01  -0.04  -0.23   0.08   0.10   0.16  -0.10   0.08  -0.05   0.26   0.05   0.03   0.16
 739.3 -0.16   0.17   0.12   0.38  -0.17  -0.09   0.08  -0.08   0.71  -0.27   0.03   0.00  -0.01   0.01  -0.17  -0.26   0.00  -0.22  -0.08   0.01
1195.5  0.60   0.09   0.07  -0.47  -0.17   0.35   0.05  -0.08   0.15  -0.41   0.09   0.01   0.03  -0.10  -0.20  -0.09  -0.02   0.04   0.02   0.04
